# not a real question,not constructive,off topic,open,too localized
# 38522,20897,20847,3575680,8910
priors <- c(0.010511190617039251,0.005701997568253705,0.0056883544674060866,0.9756672567762553,0.002431200571045629)
