# not a real question,not constructive,off topic,open,too localized
# 30789,15659,17530,3300392,6158
priors <- c(0.00913477057600471,0.004645859639795308,0.005200965546050945,0.9791913907850639,0.0018270134530850952)
