# not a real question,not constructive,off topic,open,too localized
# 30789,15659,17530,70136,6158
sample.priors <- c(0.21949498117942284,0.11163311280939889,0.12497148397399338,0.5,0.043900422037184895)
