# not a real question,not constructive,off topic,open,too localized
# 38522,20897,20847,89176,8910
sample.priors <- c(0.21598860680003587,0.11716717502467032,0.11688683053736432,0.5,0.049957387637929486)
